1680 785.405 0.166332 398.294 2.51990
1690 873.927 0.210006 441.147 2.79149
1700 1004.56 0.203568 490.485 4.18523
1710 1134.88 0.338446 563.369 3.80972
1720 1281.51 0.311155 641.273 4.59024
1730 1436.15 0.491592 731.576 3.37119
1740 1632.22 0.514757 826.914 7.71527
1750 1755.45 1.47446 864.528 4.37290
1760 2046.11 1.47047 1046.49 3.58629
1770 2295.19 1.81591 1197.35 4.70341
1780 2639.84 1.69138 1356.52 4.97019
1790 2970.89 1.97352 1513.89 5.67293
1800 3385.16 2.63183 1739.36 8.31338
1810 3845.24 1.63724 1786.80 12.4406
1820 4312.91 2.86646 2054.06 39.6321
